	01NS	02PL	03SS	04PL	05PL	06VA	07NS	08SS	09NS	10NS	11PL	12NS	13PL	14VA	15SS	16SS	17VA	18VA	19SS	20VA	21SS	22SS	23PL	24VA	25PL	26NS	27PL	28NS	29SS	30PL	31NS	32SS	33NS	34NS	35VA	36VA	37PL	38SS	39VA	40VA
1985	0,661	0,647	0,664	0,609	0,506	0,642	0,611	0,666	0,549	0,626	0,586	0,692	0,698	0,692	0,699	0,661	0,636	0,663	0,707	0,654	0,741	0,695	0,788	0,774	0,754	0,738	0,720	0,738	0,766	0,731	0,776	0,771	0,704	0,740	0,723	0,741	0,747	0,759	0,723	0,774
1986	0,682	0,647	0,666	0,599	0,550	0,663	0,623	0,660	0,600	0,659	0,589	0,649	0,671	0,692	0,690	0,653	0,627	0,674	0,678	0,660	0,763	0,753	0,740	0,694	0,719	0,762	0,677	0,648	0,724	0,656	0,747	0,734	0,708	0,709	0,665	0,731	0,714	0,743	0,725	0,708
1987	0,673	0,648	0,638	0,601	0,600	0,630	0,626	0,677	0,650	0,646	0,572	0,673	0,675	0,717	0,684	0,654	0,652	0,661	0,692	0,677	0,707	0,688	0,795	0,751	0,765	0,735	0,756	0,743	0,768	0,747	0,608	0,756	0,717	0,754	0,716	0,764	0,648	0,750	0,751	0,763
1988	0,707	0,683	0,707	0,647	0,642	0,663	0,646	0,690	0,636	0,664	0,602	0,701	0,659	0,739	0,712	0,665	0,684	0,684	0,709	0,700	0,760	0,755	0,754	0,661	0,648	0,758	0,682	0,715	0,739	0,734	0,734	0,677	0,693	0,642	0,739	0,567	0,650	0,710	0,665	0,727
1989	0,679	0,636	0,656	0,570	0,555	0,625	0,563	0,644	0,486	0,562	0,565	0,671	0,624	0,664	0,675	0,616	0,643	0,640	0,637	0,678	0,739	0,717	0,710	0,741	0,729	0,722	0,737	0,722	0,788	0,705	0,747	0,771	0,721	0,744	0,700	0,749	0,758	0,740	0,736	0,723
1990	0,643	0,634	0,633	0,578	0,589	0,616	0,594	0,635	0,467	0,562	0,569	0,641	0,635	0,677	0,653	0,628	0,649	0,638	0,679	0,677	0,681	0,740	0,771	0,792	0,749	0,688	0,764	0,699	0,752	0,628	0,776	0,801	0,752	0,671	0,638	0,701	0,757	0,685	0,756	0,775
1991	0,720	0,676	0,682	0,606	0,640	0,670	0,637	0,702	0,615	0,596	0,613	0,678	0,664	0,686	0,694	0,655	0,658	0,673	0,693	0,683	0,720	0,726	0,746	0,736	0,753	0,747	0,655	0,689	0,801	0,739	0,766	0,670	0,696	0,742	0,665	0,786	0,723	0,734	0,628	0,778
1992	0,625	0,624	0,647	0,580	0,618	0,613	0,592	0,629	0,546	0,600	0,577	0,646	0,651	0,674	0,652	0,639	0,617	0,628	0,670	0,632	0,677	0,663	0,710	0,695	0,680	0,648	0,667	0,660	0,721	0,703	0,648	0,690	0,663	0,685	0,654	0,683	0,686	0,685	0,696	0,663
1993	0,688	0,667	0,682	0,622	0,655	0,651	0,655	0,647	0,584	0,640	0,610	0,685	0,685	0,714	0,682	0,646	0,666	0,680	0,717	0,674	0,664	0,690	0,703	0,717	0,743	0,752	0,727	0,653	0,789	0,744	0,726	0,787	0,654	0,671	0,618	0,770	0,768	0,696	0,751	0,790
1994	0,651	0,630	0,659	0,598	0,623	0,654	0,613	0,631	0,577	0,624	0,589	0,678	0,658	0,676	0,652	0,630	0,616	0,614	0,694	0,648	0,700	0,739	0,771	0,725	0,705	0,692	0,711	0,678	0,758	0,689	0,709	0,741	0,680	0,695	0,674	0,715	0,708	0,711	0,719	0,724
1995	0,669	0,643	0,688	0,629	0,662	0,665	0,646	0,696	0,505	0,653	0,631	0,698	0,692	0,688	0,691	0,656	0,655	0,666	0,709	0,647	0,728	0,726	0,741	0,693	0,661	0,644	0,718	0,654	0,767	0,726	0,754	0,701	0,709	0,752	0,689	0,707	0,684	0,709	0,686	0,736
1996	0,722	0,686	0,705	0,650	0,658	0,687	0,686	0,711	0,573	0,664	0,638	0,733	0,710	0,740	0,724	0,694	0,695	0,697	0,732	0,686	0,697	0,651	0,698	0,748	0,745	0,732	0,694	0,691	0,748	0,699	0,750	0,749	0,740	0,722	0,703	0,762	0,742	0,732	0,715	0,765
1997	0,725	0,713	0,736	0,643	0,663	0,665	0,668	0,715	0,614	0,700	0,632	0,737	0,711	0,738	0,714	0,690	0,677	0,700	0,756	0,703	0,725	0,717	0,512	0,684	0,733	0,710	0,682	0,696	0,675	0,683	0,757	0,707	0,723	0,714	0,647	0,705	0,719	0,720	0,695	0,654
1998	0,707	0,673	0,699	0,601	0,664	0,651	0,655	0,709	0,594	0,645	0,607	0,709	0,712	0,718	0,721	0,667	0,671	0,685	0,710	0,716	0,770	0,759	0,767	0,802	0,778	0,782	0,754	0,764	0,741	0,757	0,788	0,783	0,751	0,776	0,776	0,684	0,782	0,774	0,772	0,798
1999	0,724	0,707	0,725	0,679	0,713	0,709	0,701	0,728	0,505	0,676	0,638	0,735	0,715	0,747	0,738	0,709	0,709	0,712	0,750	0,735	0,753	0,759	0,774	0,788	0,768	0,733	0,792	0,746	0,790	0,771	0,789	0,785	0,742	0,774	0,701	0,790	0,788	0,756	0,768	0,757
2000	0,724	0,710	0,736	0,665	0,700	0,720	0,679	0,743	0,672	0,678	0,646	0,741	0,730	0,748	0,742	0,709	0,700	0,719	0,758	0,740	0,760	0,621	0,574	0,706	0,645	0,717	0,760	0,694	0,764	0,740	0,744	0,779	0,712	0,737	0,685	0,771	0,734	0,738	0,746	0,774
2001	0,718	0,692	0,718	0,654	0,688	0,696	0,677	0,711	0,632	0,671	0,638	0,717	0,714	0,730	0,732	0,707	0,694	0,698	0,754	0,719	0,735	0,715	0,716	0,730	0,775	0,725	0,737	0,708	0,780	0,713	0,757	0,737	0,743	0,746	0,705	0,766	0,767	0,718	0,758	0,744
2002	0,746	0,734	0,755	0,697	0,742	0,741	0,713	0,751	0,647	0,715	0,689	0,755	0,758	0,776	0,774	0,745	0,724	0,753	0,780	0,769	0,730	0,690	0,655	0,723	0,739	0,716	0,704	0,670	0,739	0,670	0,749	0,705	0,709	0,739	0,709	0,746	0,733	0,739	0,728	0,786
2003	0,729	0,688	0,726	0,646	0,678	0,715	0,681	0,711	0,459	0,650	0,636	0,717	0,725	0,746	0,716	0,713	0,678	0,686	0,732	0,717	0,722	0,726	0,723	0,731	0,728	0,733	0,731	0,707	0,763	0,729	0,753	0,736	0,718	0,719	0,713	0,750	0,734	0,743	0,749	0,719
2004	0,714	0,688	0,705	0,628	0,672	0,690	0,689	0,696	0,573	0,676	0,625	0,694	0,688	0,732	0,734	0,703	0,703	0,700	0,732	0,735	0,743	0,731	0,777	0,766	0,736	0,735	0,773	0,685	0,760	0,730	0,783	0,760	0,738	0,756	0,763	0,794	0,763	0,736	0,783	0,767
2005	0,732	0,720	0,730	0,678	0,711	0,746	0,708	0,732	0,599	0,696	0,678	0,732	0,753	0,747	0,763	0,722	0,722	0,727	0,756	0,749	0,766	0,744	0,760	0,777	0,751	0,741	0,757	0,726	0,796	0,753	0,791	0,783	0,752	0,757	0,756	0,769	0,785	0,766	0,770	0,812
2006	0,696	0,688	0,708	0,664	0,678	0,697	0,671	0,728	0,699	0,693	0,627	0,713	0,711	0,747	0,715	0,692	0,688	0,724	0,735	0,729	0,722	0,685	0,661	0,711	0,717	0,657	0,681	0,651	0,638	0,647	0,721	0,717	0,660	0,702	0,651	0,680	0,700	0,699	0,659	0,723
2007	0,754	0,728	0,746	0,687	0,713	0,743	0,713	0,739	0,638	0,715	0,653	0,743	0,716	0,757	0,760	0,742	0,733	0,747	0,767	0,745	0,715	0,685	0,736	0,724	0,654	0,690	0,664	0,663	0,786	0,693	0,743	0,748	0,723	0,730	0,722	0,740	0,727	0,715	0,726	0,732
2008	0,728	0,698	0,749	0,681	0,719	0,731	0,726	0,722	0,650	0,741	0,651	0,769	0,762	0,734	0,789	0,733	0,711	0,735	0,760	0,780	0,695	0,664	0,677	0,707	0,669	0,671	0,754	0,660	0,719	0,666	0,704	0,688	0,755	0,700	0,688	0,750	0,786	0,715	0,764	0,759
2009	0,736	0,722	0,730	0,687	0,725	0,727	0,712	0,724	0,593	0,722	0,675	0,755	0,727	0,761	0,755	0,718	0,713	0,729	0,736	0,746	0,745	0,734	0,743	0,763	0,723	0,736	0,751	0,688	0,785	0,747	0,777	0,763	0,751	0,754	0,718	0,729	0,764	0,743	0,750	0,768
2010	0,737	0,729	0,748	0,683	0,719	0,726	0,708	0,724	0,676	0,718	0,684	0,755	0,734	0,748	0,756	0,733	0,712	0,741	0,757	0,763	0,716	0,631	0,739	0,736	0,722	0,727	0,744	0,687	0,750	0,697	0,743	0,764	0,748	0,749	0,743	0,745	0,762	0,746	0,777	0,760
2011	0,748	0,729	0,729	0,679	0,710	0,720	0,703	0,728	0,611	0,708	0,665	0,734	0,733	0,747	0,740	0,717	0,703	0,713	0,742	0,762	0,689	0,654	0,666	0,690	0,658	0,660	0,698	0,626	0,675	0,691	0,721	0,704	0,684	0,679	0,692	0,684	0,706	0,676	0,695	0,757
2012	0,721	0,732	0,760	0,743	0,728	0,777	0,736	0,758	0,615	0,732	0,693	0,781	0,742	0,793	0,791	0,758	0,744	0,734	0,771	0,781	0,785	0,754	0,755	0,768	0,763	0,751	0,798	0,742	0,804	0,741	0,793	0,763	0,769	0,785	0,726	0,785	0,809	0,796	0,780	0,816
2013	0,829	0,807	0,815	0,752	0,798	0,814	0,796	0,792	0,678	0,794	0,730	0,820	0,813	0,808	0,836	0,792	0,790	0,784	0,825	0,817	0,808	0,776	0,793	0,806	0,789	0,803	0,821	0,771	0,815	0,785	0,836	0,820	0,800	0,809	0,782	0,806	0,817	0,810	0,818	0,843
2014	0,765	0,755	0,775	0,721	0,763	0,756	0,748	0,765	0,691	0,749	0,722	0,781	0,760	0,781	0,783	0,776	0,747	0,755	0,797	0,784	0,746	0,772	0,449	0,781	0,761	0,755	0,801	0,778	0,734	0,703	0,802	0,816	0,737	0,775	0,814	0,780	0,779	0,756	0,773	0,830
2015	0,792	0,776	0,780	0,747	0,787	0,811	0,778	0,790	0,694	0,771	0,712	0,816	0,812	0,791	0,803	0,771	0,765	0,764	0,804	0,796	0,805	0,775	0,748	0,815	0,769	0,776	0,783	0,710	0,796	0,737	0,833	0,772	0,806	0,806	0,737	0,799	0,820	0,799	0,779	0,827
2016	0,798	0,793	0,806	0,753	0,790	0,819	0,789	0,791	0,679	0,787	0,738	0,817	0,817	0,812	0,826	0,801	0,799	0,802	0,828	0,819	0,832	0,831	0,815	0,824	0,823	0,804	0,827	0,789	0,809	0,813	0,849	0,804	0,827	0,831	0,814	0,823	0,822	0,816	0,825	0,868
2017	0,780	0,756	0,784	0,731	0,752	0,779	0,740	0,779	0,590	0,770	0,712	0,801	0,803	0,800	0,794	0,778	0,767	0,778	0,812	0,814	0,790	0,783	0,749	0,787	0,784	0,776	0,814	0,763	0,810	0,761	0,826	0,791	0,815	0,789	0,799	0,822	0,806	0,779	0,817	0,875
2018	0,807	0,782	0,785	0,708	0,761	0,803	0,772	0,783	0,570	0,753	0,709	0,809	0,761	0,805	0,810	0,780	0,787	0,791	0,798	0,812	0,760	0,770	0,759	0,787	0,787	0,742	0,768	0,711	0,793	0,746	0,807	0,728	0,756	0,767	0,792	0,770	0,776	0,779	0,774	0,803
2019	0,775	0,761	0,759	0,730	0,753	0,786	0,751	0,768	0,619	0,736	0,710	0,787	0,771	0,798	0,791	0,757	0,738	0,775	0,786	0,799	0,787	0,818	0,735	0,812	0,787	0,763	0,794	0,757	0,791	0,771	0,791	0,760	0,782	0,785	0,778	0,803	0,806	0,775	0,815	0,819
2020	0,780	0,767	0,764	0,727	0,750	0,810	0,775	0,769	0,645	0,758	0,692	0,804	0,770	0,796	0,797	0,760	0,785	0,765	0,796	0,795	0,772	0,806	0,779	0,793	0,760	0,797	0,756	0,744	0,761	0,741	0,802	0,733	0,756	0,758	0,762	0,819	0,757	0,745	0,781	0,817
2021	0,800	0,813	0,788	0,770	0,811	0,821	0,798	0,799	0,679	0,774	0,751	0,793	0,793	0,810	0,811	0,774	0,791	0,785	0,799	0,817	0,860	0,807	0,823	0,829	0,809	0,859	0,805	0,815	0,824	0,790	0,846	0,786	0,810	0,832	0,809	0,827	0,797	0,839	0,840	0,822
