1902	2,20	-1,30	2,70	6,20	8,30	15,30	15,60	14,60	11,30	5,90	-0,60	-4,30
1903	-1,80	2,50	4,60	4,70	12,30	15,20	16,50	15,80	13,00	8,70	4,00	-1,50
1904	-1,40	0,40	2,70	8,60	11,00	15,20	18,90	16,70	11,60	7,90	2,60	1,40
1905	-3,20	0,60	4,40	4,70	12,50	17,40	18,60	16,60	12,50	3,80	2,70	0,70
1906	-0,70	0,10	1,70	8,60	13,60	14,80	17,80	16,80	12,30	8,40	5,70	-3,30
1907	-2,00	-1,90	1,60	5,30	13,70	15,40	14,70	16,40	12,70	12,20	1,60	-0,30
1908	-2,90	0,20	2,00	5,00	14,10	17,60	17,50	14,80	11,80	8,00	-0,20	-2,50
1909	-2,80	-3,80	1,10	7,10	10,80	15,00	15,40	16,70	13,00	10,00	1,30	0,20
1910	0,10	1,70	3,10	7,10	12,60	17,00	15,90	15,90	11,50	8,20	1,40	2,10
1911	-1,90	0,20	3,60	7,70	13,00	15,80	19,70	19,40	14,10	7,70	4,10	1,30
1912	-4,50	1,00	5,20	5,90	11,50	16,20	18,10	14,50	8,50	5,40	0,90	1,90
1913	-2,40	-0,40	5,60	7,80	12,20	14,80	14,70	15,00	12,30	8,40	5,50	1,30
1914	-5,30	-0,30	3,60	8,90	11,20	14,90	17,00	16,90	11,90	7,70	2,70	0,70
1915	-1,30	-0,60	0,10	6,60	12,90	17,90	17,00	14,70	10,50	6,20	0,40	2,00
1916	2,50	-0,70	4,70	7,90	13,00	12,80	16,00	15,20	11,60	7,50	3,90	2,20
1917	-4,00	-5,60	-1,30	3,70	14,10	19,10	17,90	17,70	14,40	7,50	3,90	-2,70
1918	-0,40	0,30	3,50	9,80	13,90	13,30	16,50	15,60	13,20	7,90	2,10	1,80
1919	0,10	-1,20	2,70	4,60	9,90	15,20	15,00	16,40	15,30	6,10	-0,50	-0,70
1920	1,10	1,40	5,40	10,20	14,10	14,40	18,20	15,60	13,00	5,50	-0,10	-0,20
1921	3,00	0,30	5,10	7,40	14,30	14,20	18,80	18,00	12,70	10,00	-0,50	-1,10
1922	-4,00	-3,80	2,90	5,60	13,20	16,10	16,10	15,30	10,70	4,50	1,50	0,50
1923	0,10	-1,00	4,30	5,90	12,50	11,30	18,40	15,80	13,10	9,90	2,60	-2,70
1924	-3,90	-4,00	1,40	6,30	14,40	15,40	17,10	15,00	14,00	8,90	1,60	-0,10
1925	1,40	2,80	0,90	7,90	14,20	14,50	17,70	16,40	11,10	7,50	1,80	-2,10
1926	-1,90	3,00	3,10	9,60	11,20	13,90	17,60	15,60	14,40	7,70	6,40	-0,50
1927	0,90	-1,30	5,00	6,70	10,60	14,90	17,90	16,80	13,80	8,00	1,90	-4,20
1928	0,30	0,80	1,40	7,40	10,10	14,40	19,60	16,90	12,90	8,00	6,00	-1,70
1929	-6,40	-12,00	0,80	4,00	13,40	14,50	18,00	17,60	15,20	9,90	4,10	1,90
1930	-0,20	-1,60	3,70	8,40	11,80	18,80	16,60	15,60	13,00	7,80	4,90	-0,80
1931	-1,90	-1,90	-0,80	4,80	16,00	16,40	17,00	15,20	9,70	6,50	2,60	-1,30
1932	-0,60	-3,90	-1,20	7,40	13,50	14,20	18,50	18,40	15,20	7,90	3,10	-1,10
1933	-4,70	-1,10	3,90	5,20	11,50	14,20	18,20	16,70	13,00	8,10	1,90	-5,10
1934	-1,10	0,30	4,20	10,00	13,90	17,10	18,70	17,00	15,40	8,80	3,90	4,70
1935	-1,90	0,50	0,70	7,10	10,20	18,00	17,80	16,80	13,70	8,30	4,40	-0,60
1936	1,50	-0,50	4,40	6,70	12,70	16,20	17,70	16,00	12,60	5,30	2,50	0,00
1937	-3,60	0,80	3,30	7,50	15,60	17,30	17,40	17,20	13,50	9,40	2,60	-1,10
1938	-0,40	0,20	6,90	4,40	11,30	16,20	17,30	17,90	13,30	9,00	5,70	-2,40
1939	0,40	1,20	0,70	9,40	10,30	16,30	17,50	18,10	13,30	6,00	4,30	-3,10
1940	-10,00	-6,80	1,10	8,10	11,50	17,00	16,40	14,30	12,50	7,40	4,70	-5,20
1941	-6,80	-1,10	2,10	5,10	9,00	15,90	18,20	15,50	11,40	7,40	0,50	0,20
1942	-10,20	-6,10	-0,30	6,40	12,70	14,30	16,30	17,80	15,80	10,30	2,30	0,50
1943	-3,30	2,20	4,80	8,80	12,20	14,30	17,70	18,60	14,10	9,70	2,40	-1,60
1944	2,30	-2,20	-0,40	7,40	11,20	14,60	17,60	19,70	12,80	8,80	2,60	-2,10
1945	-5,70	2,20	5,20	8,40	13,50	16,00	18,20	16,30	13,10	8,90	3,20	0,00
1946	-3,70	1,10	3,70	9,80	15,10	15,70	19,00	16,60	13,80	5,10	2,50	-4,10
1947	-7,00	-8,20	1,60	9,50	14,50	17,70	19,00	18,00	17,50	6,50	4,60	0,40
1948	2,10	-1,40	4,60	10,50	13,90	16,10	16,10	16,60	14,10	7,90	2,30	-1,30
1949	-0,80	0,30	0,90	9,60	12,90	13,50	17,30	17,20	15,10	8,90	3,40	2,40
1950	-3,80	0,30	4,30	7,10	14,30	17,90	18,40	17,80	12,70	6,50	3,30	-2,40
1951	0,30	1,30	1,40	7,10	11,70	15,70	17,40	18,10	14,10	6,70	5,80	0,70
1952	-0,80	-0,90	-0,10	10,10	11,30	14,80	18,30	18,70	10,20	6,30	1,30	-2,00
1953	-1,90	-0,90	3,30	9,10	12,10	16,90	18,10	15,80	13,10	10,20	2,60	0,70
1954	-6,10	-7,20	3,80	5,10	12,20	17,20	14,80	16,80	13,80	7,90	2,00	1,70
1955	-3,40	-4,00	-0,80	5,40	10,60	14,80	17,20	16,60	13,10	7,00	3,00	0,30
1956	-1,70	-11,70	0,80	5,20	12,00	13,50	16,80	14,70	13,70	7,50	0,40	0,50
1957	-1,70	1,90	4,60	7,30	9,70	17,30	18,20	14,80	11,30	7,60	4,30	-0,80
1958	-2,60	0,80	-1,70	4,30	14,00	14,50	17,30	16,50	13,30	8,80	4,40	0,50
1959	-1,30	-1,90	4,80	8,90	12,70	16,40	18,60	17,20	11,30	7,00	3,20	1,20
1960	-2,60	-2,60	2,90	6,60	12,60	16,00	15,80	16,40	12,30	8,60	4,50	1,10
1961	-3,30	2,30	5,60	11,00	10,10	16,20	15,30	15,50	14,90	10,00	2,70	-2,60
1962	-0,60	-1,30	-0,40	9,30	10,10	14,30	15,20	16,00	12,00	7,70	3,00	-5,00
1963	-8,30	-6,30	1,20	8,80	12,40	16,40	18,80	16,60	14,10	7,90	6,70	-5,20
1964	-5,00	-1,80	-0,70	8,70	13,70	18,20	19,00	15,60	13,20	7,00	3,70	-0,90
1965	0,20	-3,60	0,60	6,80	10,90	15,60	16,00	15,40	12,90	6,60	-0,40	1,40
1966	-5,10	2,80	3,00	9,20	12,90	16,90	16,30	15,60	12,30	11,30	2,10	0,40
1967	-1,90	1,10	4,50	6,40	12,90	15,20	18,60	16,40	13,90	10,60	3,20	-0,50
1968	-3,30	0,10	4,00	8,10	11,00	16,40	16,20	16,00	13,00	9,10	3,20	-3,00
1969	-2,10	-2,70	-0,20	6,60	14,10	15,40	18,40	16,10	13,40	9,10	4,70	-6,00
1970	-3,90	-2,20	0,40	5,90	11,20	16,90	17,10	16,50	12,30	7,90	4,80	-0,30
1971	-3,60	0,60	0,40	8,30	13,90	14,00	18,00	18,70	11,10	7,40	2,50	2,90
1972	-3,60	1,40	5,00	7,10	12,00	15,50	18,50	15,90	10,60	5,80	3,80	-0,40
1973	-1,10	0,80	3,60	5,00	12,60	15,80	17,10	17,40	13,80	6,50	1,90	-0,90
1974	1,70	2,30	5,90	7,60	11,20	13,80	15,40	17,60	13,00	5,00	3,10	3,60
1975	2,70	-0,60	3,50	6,70	12,20	15,00	18,20	18,40	15,90	7,20	1,70	0,70
1976	-0,40	-0,50	-0,10	6,70	12,80	16,60	19,00	15,50	12,20	9,40	4,60	-1,90
1977	-1,20	1,10	5,50	5,50	12,00	16,10	16,20	16,00	11,10	9,20	4,30	-0,10
1978	-0,20	-2,70	4,10	6,70	11,50	14,70	15,60	14,90	11,70	8,50	3,00	-0,40
1979	-5,60	-2,00	3,40	6,50	13,40	18,10	14,70	16,00	12,50	6,60	2,80	2,80
1980	-4,90	1,00	2,10	5,10	10,10	14,90	14,90	16,20	12,70	7,30	2,00	-0,40
1981	-3,20	-0,90	6,30	6,80	13,40	16,30	16,30	16,40	13,50	8,10	3,70	-3,00
1982	-4,70	-1,70	4,10	5,60	12,90	16,60	18,90	17,50	15,20	9,40	4,10	1,30
1983	2,90	-3,00	4,10	9,20	12,70	16,40	20,50	17,70	13,40	8,50	2,20	-0,80
1984	-0,40	-1,30	1,60	6,80	11,70	14,00	15,50	16,80	12,00	9,60	4,30	-0,40
1985	-6,80	-4,70	2,60	7,80	14,00	13,50	17,90	17,20	13,00	7,90	0,30	2,30
1986	-1,30	-7,60	2,90	8,10	15,00	16,20	17,20	16,70	11,40	8,40	4,60	0,50
1987	-7,90	-1,70	-1,80	8,60	10,40	14,70	17,30	15,20	14,20	8,80	4,20	0,90
1988	2,00	1,20	1,70	8,00	14,50	15,40	17,70	16,60	12,80	8,80	0,60	1,80
1989	0,90	2,70	5,90	8,10	13,80	15,30	17,70	17,00	14,20	9,10	1,40	0,40
1990	0,90	3,80	6,60	7,20	14,00	15,90	16,90	18,10	11,40	9,20	4,00	-0,40
1991	0,20	-4,10	5,30	6,90	9,30	14,30	19,10	17,40	14,20	7,40	2,80	-1,30
1992	0,30	2,10	3,80	7,70	14,30	18,00	19,00	20,30	13,20	6,30	3,70	-0,60
1993	0,20	-2,40	2,20	9,90	15,20	15,70	16,30	16,20	12,10	7,50	-0,10	2,10
1994	2,30	-1,30	5,70	7,80	12,50	16,30	21,60	17,80	13,60	6,40	5,80	1,80
1995	-1,30	3,50	2,60	8,30	12,30	14,50	20,30	18,00	12,50	10,50	0,80	-2,60
1996	-4,30	-3,90	-0,40	8,20	11,80	15,90	15,70	16,80	10,00	9,30	4,40	-4,90
1997	-4,00	2,00	4,20	5,10	13,20	16,10	17,00	18,90	13,10	6,30	3,00	1,20
1998	0,80	3,20	3,50	9,90	14,10	17,10	17,00	16,70	12,70	8,30	0,50	-0,70
1999	0,40	-0,80	4,90	8,80	13,80	15,20	18,80	17,00	16,60	8,50	2,20	0,70
2000	-1,00	2,90	3,90	11,00	15,10	17,60	15,60	18,60	13,40	10,90	5,40	1,20
2001	-0,80	0,60	3,20	7,10	14,30	14,30	18,20	18,50	11,50	11,80	2,30	-2,40
2002	-0,20	4,00	4,30	7,80	15,40	17,40	18,60	19,20	12,50	7,30	4,30	-2,50
2003	-1,90	-3,60	4,00	7,70	15,00	19,40	18,50	20,10	13,80	5,20	5,00	0,10
2004	-3,30	1,40	3,50	9,40	11,50	15,60	17,40	18,50	13,30	9,30	3,80	0,10
2005	0,70	-2,80	1,80	9,40	13,10	16,10	18,20	16,00	14,50	9,70	2,70	-0,30
2006	-5,00	-2,00	0,60	8,30	13,00	17,20	22,10	15,60	16,30	10,40	6,10	3,20
2007	4,00	3,20	5,60	10,60	14,80	18,20	18,20	17,60	12,00	7,50	2,20	0,20
2008	2,10	3,40	3,60	7,80	13,90	17,50	18,10	17,60	12,20	8,30	4,60	1,10
2009	-3,70	-0,20	4,00	12,30	13,50	14,80	18,00	18,60	15,00	7,40	6,10	-0,90
2010	-4,80	-1,40	3,40	8,30	11,40	16,70	20,40	17,20	11,60	6,70	4,80	-5,10
2011	-0,60	-1,60	4,30	11,20	13,60	17,10	16,50	17,90	14,80	8,50	3,40	2,70
2012	0,60	-4,50	5,70	8,60	14,80	16,50	18,30	18,40	13,40	7,50	4,90	-0,90
2013	-1,50	-1,20	-1,10	8,30	12,20	16,00	19,40	17,60	12,20	9,50	4,30	2,00
2014	0,60	2,60	6,60	10,30	12,20	16,10	19,60	16,10	14,50	10,70	6,30	2,20
2015	1,60	0,40	4,70	8,00	12,60	15,70	19,90	21,50	13,20	8,00	6,50	4,90
2016	-0,80	3,00	3,60	7,80	13,90	17,40	18,70	17,10	16,20	8,10	3,00	0,80
2017	-4,50	1,60	6,40	7,30	14,10	18,10	18,60	18,30	12,20	10,30	4,40	1,60
2018	2,50	-2,90	1,00	12,80	16,40	17,70	20,40	20,90	14,80	10,30	4,60	1,80
2019	-0,90	2,30	6,10	9,70	11,00	21,00	19,10	19,10	13,60	9,90	5,80	2,70
