1902	0,734	0,524	0,178	0,326	0,675	0,384	0,622	0,214	0,527	0,227	0,061	0,355
1903	0,179	-0,652	-1,515	-0,312	-0,643	-0,369	-0,035	0,859	0,376	0,465	1,198	0,922
1904	0,188	0,456	-0,143	-0,139	-0,221	-0,452	-1,482	-1,700	-1,966	-1,807	-1,142	-0,435
1905	0,390	0,582	0,180	0,165	-0,073	0,453	0,753	1,416	0,829	1,311	1,041	0,558
1906	-0,398	-0,408	-0,400	-0,947	-0,011	-0,110	-0,765	-1,052	0,234	-0,180	-0,291	0,278
1907	0,921	-0,728	0,150	0,868	0,587	0,164	1,249	0,230	-0,113	-0,249	-0,464	-1,198
1908	-0,955	-0,659	0,072	0,932	0,959	0,891	0,678	0,795	0,350	-0,455	-0,373	-0,901
1909	-1,928	-1,499	-0,530	-0,112	0,212	0,906	0,855	0,202	-0,079	-0,360	-0,370	-0,782
1910	-0,711	-0,791	-0,203	-0,791	-0,805	0,301	0,405	1,139	1,488	1,115	1,342	1,239
1911	0,745	0,309	0,824	-0,845	-1,062	-1,399	-2,041	-2,154	-1,846	-1,894	-1,898	-1,021
1912	-0,341	-0,642	-0,313	-0,093	-0,429	0,654	0,097	1,120	1,307	1,486	1,060	1,408
1913	0,572	-0,061	-1,079	-1,427	-0,888	0,240	0,303	0,603	0,747	0,233	-0,360	0,240
1914	0,183	-0,324	1,039	0,437	-0,044	-0,105	0,442	-0,678	-0,077	-0,259	-0,296	-0,398
1915	0,629	0,193	1,006	1,837	1,244	-0,014	-0,099	-0,187	0,209	0,949	1,560	1,803
1916	1,991	1,824	1,597	0,824	0,479	1,076	0,548	0,626	0,753	0,759	-0,087	0,043
1917	0,197	-0,056	0,590	1,591	0,866	-0,909	-1,005	-1,196	-1,646	-1,449	-0,935	-0,692
1918	-1,049	-0,364	-1,292	-0,583	-1,460	-1,133	-0,032	0,517	0,082	0,847	0,646	0,185
1919	-0,373	-0,165	-0,288	0,695	-0,423	0,519	0,056	-0,243	-0,633	0,199	0,868	1,599
1920	2,225	2,422	2,044	1,068	0,478	-0,558	-0,512	0,274	-0,114	-0,526	-0,495	-0,033
1921	-0,135	0,200	-0,161	0,259	-1,053	-1,263	-1,698	-1,034	-1,113	-0,759	-0,796	-0,299
1922	-0,173	0,372	0,929	0,995	0,055	-0,597	-0,034	0,210	0,980	1,814	2,103	2,098
1923	2,210	1,790	1,180	0,753	0,605	1,160	0,478	0,477	-0,014	0,485	-0,236	0,312
1924	0,499	1,079	0,221	0,613	0,364	1,089	0,539	0,492	0,333	0,322	-0,099	-0,287
1925	-0,801	-1,515	-1,144	-0,578	-0,009	-0,107	0,547	1,371	1,029	1,175	1,223	1,089
1926	0,255	0,286	0,304	-0,059	0,885	2,242	2,557	2,400	2,171	1,851	0,250	-0,314
1927	0,201	0,429	0,511	2,064	1,733	1,305	1,500	0,959	0,184	0,140	0,259	-0,206
1928	-0,056	-0,274	-0,055	0,506	0,906	0,406	-0,649	-0,514	-1,146	-1,273	-0,609	0,203
1929	0,250	0,603	0,415	-0,215	-0,351	-0,563	-0,747	-0,692	-1,147	-0,932	-1,087	-0,973
1930	-1,189	-1,035	-1,730	-0,604	-0,413	-0,960	-0,353	0,003	-0,182	0,992	1,578	1,463
1931	1,693	1,690	0,028	0,394	0,295	-0,307	0,565	0,250	0,656	0,897	0,801	0,191
1932	0,593	-1,052	-0,995	-0,450	0,313	0,789	1,470	1,049	0,819	0,634	0,116	-1,067
1933	-1,330	-0,716	-1,771	-1,292	-0,654	0,225	-0,421	-0,193	-0,711	-0,688	-1,096	-1,303
1934	-1,556	-0,923	-1,413	-1,454	-1,714	-1,568	-1,720	-1,150	-1,277	-0,842	-0,462	-0,324
1935	-0,837	0,343	0,545	1,078	1,196	0,326	-0,569	-1,270	-1,609	-0,794	-0,147	-0,078
1936	0,691	1,129	-1,111	-0,910	0,523	0,314	0,428	0,455	0,372	0,200	0,504	0,070
1937	0,261	0,755	0,222	0,670	0,032	-0,241	-0,283	-0,094	-0,280	0,109	0,299	-0,223
1938	0,072	-0,235	-0,844	-0,068	0,736	-0,362	-0,252	0,987	0,393	0,163	0,493	0,535
1939	-0,410	-0,298	0,600	0,252	0,922	1,002	1,736	0,682	0,992	1,107	1,224	1,066
1940	1,362	1,171	1,276	0,346	-0,055	-0,379	1,106	0,826	1,378	1,191	1,569	1,081
1941	1,048	1,011	1,669	2,210	2,600	2,209	1,745	1,627	0,943	0,820	0,789	1,293
1942	1,003	1,033	-0,148	-0,285	-1,194	-0,971	-0,533	-1,154	-1,236	-0,889	-0,657	-1,403
1943	-0,602	-0,350	-1,667	-1,992	-1,761	-1,210	-1,482	-1,251	-1,052	-1,433	-1,928	-1,818
1944	-1,839	-1,570	0,631	0,730	0,870	0,976	0,552	-0,909	-0,747	-0,398	-0,005	-0,221
1945	0,553	0,771	0,120	-1,034	0,535	0,818	0,420	1,453	1,443	0,708	0,763	1,068
1946	0,098	1,288	1,262	0,136	-0,270	0,230	-0,514	0,048	0,331	0,915	0,505	0,196
1947	-0,224	0,566	0,706	0,698	-0,230	-0,103	-1,101	-1,930	-2,042	-2,090	-1,727	-0,700
1948	0,715	2,217	2,815	1,556	0,754	-0,089	-0,644	0,223	0,057	-0,207	-0,132	-1,005
1949	-2,323	-1,853	-0,951	-0,272	0,979	1,582	1,012	0,329	-0,270	-1,054	-1,635	-1,452
1950	-1,013	0,068	0,078	1,197	1,218	0,057	0,230	0,185	-0,188	-0,245	0,461	-0,014
1951	0,459	0,036	0,482	0,014	0,341	0,743	-0,046	-0,215	-0,528	-1,055	-1,481	-1,270
1952	-1,695	-1,158	0,411	0,143	0,633	0,338	-0,588	-1,270	-0,434	-0,161	0,120	0,618
1953	1,375	0,707	-0,376	-1,221	-0,987	-0,942	-0,405	-0,630	-0,524	-0,884	-1,490	-2,356
1954	-2,230	-2,498	-2,011	-0,352	-0,467	-1,050	1,179	1,594	1,441	1,801	1,846	1,108
1955	0,828	0,211	0,224	0,925	0,688	0,931	1,526	1,317	0,950	0,726	0,457	-0,120
1956	-0,583	-0,585	-0,063	1,181	0,116	1,662	1,142	0,871	0,064	1,216	0,653	1,016
1957	0,966	1,597	0,954	-0,125	-0,316	-0,567	0,937	1,099	1,493	1,293	1,381	-0,096
1958	-0,613	-1,047	0,045	0,665	1,298	1,371	1,731	1,259	0,962	1,254	0,761	0,372
1959	0,340	0,071	-1,569	-1,049	-1,581	-1,835	-1,058	-0,962	-1,252	-1,394	-1,251	-1,749
1960	-1,222	-0,910	-0,706	-0,088	-0,426	-0,596	-0,370	-0,091	-0,370	0,985	0,853	0,991
1961	0,750	1,406	-0,527	-0,615	0,535	0,351	0,294	0,476	0,255	-0,495	-0,052	-0,401
1962	-0,743	0,044	0,796	0,166	0,781	0,030	0,037	-0,694	-0,329	-0,830	-0,723	-1,101
1963	-1,245	-1,697	-1,328	-0,963	-0,867	0,272	-0,406	-0,410	0,013	-0,231	-0,809	-0,764
1964	-1,224	-1,925	-1,341	-1,332	-1,082	-1,540	-1,953	-1,468	-1,422	-0,620	0,198	0,763
1965	0,621	1,096	0,542	1,390	2,873	2,390	2,157	1,464	1,087	-0,500	-0,095	0,527
1966	0,755	0,462	1,220	1,014	-0,363	0,448	0,931	1,251	0,690	1,009	0,589	0,708
1967	0,185	0,893	1,102	1,341	1,241	1,068	0,103	-0,260	0,539	-0,460	-0,737	0,299
1968	1,238	0,251	0,620	1,162	0,391	-0,365	-0,323	-0,083	0,291	0,309	0,741	0,651
1969	0,607	0,085	0,625	0,311	0,458	1,179	0,389	-0,052	-0,510	-0,613	-1,338	-1,185
1970	-1,998	-0,819	0,377	1,498	1,829	2,065	1,033	0,995	0,396	0,497	0,485	0,993
1971	0,115	0,054	-0,360	-0,851	-0,627	0,898	-0,216	-0,603	-0,339	-0,743	-1,256	-0,340
1972	-0,240	-0,883	-0,980	-1,462	-0,422	-0,216	-0,071	0,025	0,380	-0,448	-0,466	-0,838
1973	-1,252	-1,766	-1,864	-0,953	-0,030	-0,260	-0,019	-0,267	-0,979	-0,961	-0,415	-0,841
1974	-0,347	0,124	-0,793	-1,608	-0,691	-0,100	0,093	0,078	0,382	1,207	1,111	1,847
1975	2,189	2,260	1,374	1,105	-0,210	0,433	0,205	-0,592	-0,938	-1,180	-1,390	-1,525
1976	0,257	0,640	0,637	-0,061	-0,286	-2,108	-2,034	-1,778	-1,563	-1,511	-0,868	-0,578
1977	-0,692	-0,561	-0,885	-0,927	-0,157	0,591	0,562	1,511	1,348	1,128	1,081	1,031
1978	0,298	-0,189	-0,218	-1,071	0,415	0,484	0,546	1,644	1,931	1,301	0,999	1,494
1979	0,649	0,028	0,845	1,708	0,108	-0,100	0,622	-0,038	0,301	0,651	1,201	0,950
1980	1,289	0,935	1,508	1,493	0,984	1,124	1,625	0,966	0,619	1,129	0,812	-0,032
1981	1,004	0,785	0,342	0,726	1,105	-0,230	2,183	1,757	1,547	2,155	2,342	1,338
1982	1,799	1,619	0,406	-0,118	-0,793	-1,101	-1,117	-0,656	-1,002	-1,100	-1,142	-0,821
1983	-1,406	-0,424	-0,511	0,691	1,017	0,123	-1,146	-0,656	-1,212	-1,718	-1,589	-0,896
1984	-1,267	-0,504	-0,006	0,733	1,360	0,819	0,342	0,086	0,261	-0,237	-0,118	-0,415
1985	-0,323	-1,435	-1,171	-0,716	-0,120	0,412	0,009	0,472	0,007	-0,330	-0,263	0,008
1986	-0,211	0,014	0,742	-0,075	1,521	0,263	0,115	0,639	0,754	-0,154	0,277	1,170
1987	1,171	1,489	1,826	2,021	1,643	1,576	1,203	1,316	1,312	0,556	0,076	0,188
1988	-0,445	-0,182	1,270	0,600	-0,368	-0,420	-0,238	-0,712	-0,129	0,188	0,682	0,910
1989	0,656	0,441	0,283	0,063	-1,659	-1,493	-1,309	-1,346	-1,429	-1,280	-0,473	-0,489
1990	-0,399	-0,196	-0,715	-0,903	-1,503	-0,933	-1,537	-1,019	-1,006	-0,739	-0,481	0,351
1991	0,005	-0,733	-1,111	-1,614	-1,334	-0,075	-0,594	-0,315	-0,403	-0,835	-1,045	0,152
1992	0,201	0,562	1,463	0,733	-1,348	-0,740	-0,522	-1,255	-1,252	-0,550	-0,672	-0,904
1993	-0,689	-0,135	-0,957	-1,759	-1,716	-1,127	-0,417	-0,114	0,763	1,027	1,163	1,137
1994	1,287	0,839	1,148	1,046	0,514	-0,242	-1,019	-0,517	-0,576	-0,671	-0,352	0,657
1995	0,057	-0,245	-0,079	0,554	1,243	1,830	1,381	1,236	1,422	0,359	-0,271	0,250
1996	-0,490	-1,538	-0,407	-1,236	-0,263	0,395	1,205	1,081	1,436	0,774	0,686	-0,147
1997	-0,901	-1,322	-1,088	-0,190	-0,452	0,442	0,936	0,286	-0,383	-0,097	-0,514	-1,156
1998	-1,020	-1,254	-1,241	-1,507	-2,197	-1,326	-0,676	-0,796	0,420	1,690	1,643	1,616
1999	1,905	1,723	0,700	-0,643	-0,639	-0,072	-0,708	-1,064	-0,690	-0,725	-1,187	-1,176
2000	-0,335	-0,030	1,887	1,436	1,154	0,417	0,763	-1,078	-0,621	-0,591	-0,481	-1,573
2001	-1,155	-1,194	-0,510	0,450	0,664	0,857	0,999	1,471	2,005	1,896	1,790	1,899
2002	1,347	0,424	0,580	0,162	-0,650	-0,410	-0,800	0,268	0,226	1,040	1,481	1,682
2003	1,295	1,225	-0,284	-1,393	-1,911	-2,219	-1,844	-1,956	-1,927	-1,881	-2,032	-2,325
2004	-0,787	-0,167	-0,749	-0,569	-0,212	-1,226	-1,262	-1,244	-0,906	-1,140	-0,407	-0,511
2005	0,477	1,017	1,223	-0,239	0,350	-0,536	0,093	0,190	0,569	0,099	0,211	-0,127
2006	-0,617	-0,649	0,770	1,141	0,432	0,344	-1,066	-0,719	-1,084	-1,124	-1,098	-0,303
2007	-1,357	-0,505	-1,030	-1,759	-1,355	-1,527	-1,519	-1,064	0,134	-0,053	0,674	0,687
2008	0,706	-0,145	0,275	-0,277	-0,688	-0,488	-0,349	-0,434	-0,739	-0,045	-0,231	-0,183
2009	-0,451	0,349	0,303	-0,743	0,043	0,736	0,879	-0,023	0,163	0,045	-0,537	-1,052
2010	-0,362	0,365	-0,167	-0,208	0,856	-0,169	0,227	1,890	2,662	1,835	2,121	2,374
2011	1,664	0,307	0,587	-0,749	-1,693	-1,274	-0,028	0,532	0,817	0,825	0,150	-0,291
2012	-0,189	0,238	-0,356	0,186	-0,811	-1,529	-0,674	-0,449	-0,349	-0,055	0,336	-0,226
2013	0,387	1,006	1,405	0,870	1,411	1,718	0,641	0,515	0,768	0,552	-0,118	0,211
2014	-0,269	-1,400	-2,146	-2,482	-1,286	-1,491	-0,604	-0,268	0,543	-0,086	0,059	-0,357
2015	-0,569	-2,092	-1,668	-0,906	-0,923	-0,611	-0,687	-0,864	-1,014	-0,643	-0,560	-0,724
2016	-0,590	-0,039	-0,839	-1,265	-0,792	-0,089	-0,046	-0,174	-0,114	0,216	-0,332	-0,596
2017	-0,269	-0,540	-0,927	-0,602	-1,088	-1,057	-1,014	-0,711	-0,618	0,327	0,359	0,691
2018	0,630	0,114	-0,720	-1,046	-2,010	-2,264	-2,379	-2,564	-2,396	-2,417	-2,837	-2,120
2019	-1,145	-1,234	-0,832	-0,510	-0,263	-1,377	-1,384	-1,349	-1,056	-1,537	-1,133	-1,110
